function mpc = case_24TSO_3DSO


%% MATPOWER Case Format : Version 2
mpc.version = '3';

%%-----  Power Flow Data  -----%%
%% system MVA base
mpc.baseMVA = 1;
mpc.max_syst_load = 3300;
%% bus data
%	1		2		3	4	5	6	7		8	9	10		11		12		13
%	bus_i	type	Pd	Qd	Gs	Bs	area	Vm	Va	baseKV	zone	Vmax	Vmin
mpc.bus = [
	1		3		0	0	0	0	0		1	0	1		1		1.1		0.9;
	2		1		1	0	0	0	0		1	0	1		1		1.1		0.9;
	3		1		0	0	0	0	0		1	0	1		1		1.1		0.9;
	4		1		0	0	0	0	0		1	0	1		1		1.1		0.9;
	5		1		1	0	0	0	0		1	0	1		1		1.1		0.9;
	6		1		0	0	0	0	0		1	0	1		1		1.1		0.9;
	7		1		0	0	0	0	0		1	0	1		1		1.1		0.9;
	8		1		1	0	0	0	0		1	0	1		1		1.1		0.9;
	9		1		0	0	0	0	0		1	0	1		1		1.1		0.9;
	10		1		0	0	0	0	0		1	0	1		1		1.1		0.9;
	11		1		1	0	0	0	0		1	0	1		1		1.1		0.9;
	12		1		0	0	0	0	0		1	0	1		1		1.1		0.9;
	13		1		0	0	0	0	0		1	0	1		1		1.1		0.9;
	14		1		1	0	0	0	0		1	0	1		1		1.1		0.9;
	15		1		0	0	0	0	0		1	0	1		1		1.1		0.9;
	16		1		0	0	0	0	0		1	0	1		1		1.1		0.9;
	17		1		1	0	0	0	0		1	0	1		1		1.1		0.9;
	18		1		0	0	0	0	0		1	0	1		1		1.1		0.9;
	19		1		0	0	0	0	0		1	0	1		1		1.1		0.9;
	20		1		1	0	0	0	0		1	0	1		1		1.1		0.9;
	21		1		0	0	0	0	0		1	0	1		1		1.1		0.9;
	22		1		0	0	0	0	0		1	0	1		1		1.1		0.9;
	23		1		1	0	0	0	0		1	0	1		1		1.1		0.9;
	24		1		0	0	0	0	0		1	0	1		1		1.1		0.9;
	25		1		0	0	0	0	1		1	0	1		1		1.1		0.9;
	26		1		1	0	0	0	1		1	0	1		1		1.1		0.9;
	27		1		1	1	0	0	1		1	0	1		1		1.1		0.9;
	28		1		1	1	0	0	1		1	0	1		1		1.1		0.9;
	29		1		1	1	0	0	1		1	0	1		1		1.1		0.9;
	30		1		0	0	0	0	2		1	0	1		1		1.1		0.9;
	31		1		1	0	0	0	2		1	0	1		1		1.1		0.9;
	32		1		1	1	0	0	2		1	0	1		1		1.1		0.9;
	33		1		1	1	0	0	2		1	0	1		1		1.1		0.9;
	34		1		1	1	0	0	2		1	0	1		1		1.1		0.9;
	35		1		0	0	0	0	3		1	0	1		1		1.1		0.9;
	36		1		1	0	0	0	3		1	0	1		1		1.1		0.9;
	37		1		1	1	0	0	3		1	0	1		1		1.1		0.9;
	38		1		1	1	0	0	3		1	0	1		1		1.1		0.9;
	39		1		1	1	0	0	3		1	0	1		1		1.1		0.9;
	40		1		0	0	0	0	4		1	0	1		1		1.1		0.9;
	41		1		1	0	0	0	4		1	0	1		1		1.1		0.9;
	42		1		1	1	0	0	4		1	0	1		1		1.1		0.9;
	43		1		1	1	0	0	4		1	0	1		1		1.1		0.9;
	44		1		1	1	0	0	4		1	0	1		1		1.1		0.9;
	45		1		1	1	0	0	5		1	0	1		1		1.1		0.9;
	46		1		1	1	0	0	5		1	0	1		1		1.1		0.9;
	47		1		1	1	0	0	5		1	0	1		1		1.1		0.9;
% 	48		1		1	1	0	0	3		1	0	1		1		1.1		0.9;
% 	49		1		1	1	0	0	3		1	0	1		1		1.1		0.9;
% 	50		1		1	1	0	0	3		1	0	1		1		1.1		0.9;
];

%% generator data
%	bus	Pg	Qg	Qmax	Qmin	Vg	mBase	status	Pmax	Pmin
mpc.gen = [
 	1	1	1	50		-4		1.1	1		1		102		0;
 	2	1	1	50		-4		1.1	1		1		152		0;
 	7	1	1	50		-4		1.1	1		1		350		0;
 	13	1	1	50		-4		1.1	1		1		591		0;
 	28	1	1	50		-4		1.1	1		1		300		0;
 	15	1	1	50		-4		1.1	1		1		105		0;
 	16	1	1	50		-4		1.1	1		1		155		0;
 	45	1	1	50		-4		1.1	1		1		400		0;
 	21	1	1	50		-4		1.1	1		1		350		0;
 	22	1	1	50		-4		1.1	1		1		300		0;
 	23	1	1	50		-4		1.1	1		1		410		0;
 	23	1	1	50		-4		1.1	1		1		100		0;
	31	1	1	50		-50		1.1	1		1		100		0;
	38	1	1	50		-50		1.1	1		1		100		0;
	44	1	1	50		-50		1.1	1		1		100		0;
	47	1	1	50		-50		1.1	1		1		200		0;
	1	1	1	50		-4		1.1	1		1		50		0;
	21	1	1	50		-4		1.1	1		1		50		0;
	15	1	1	50		-4		1.1	1		1		55		0;
];

%% demand data
%	bus	Pd	Qd	Qmax	Qmin	Vg	mBase	status	Pmax	Pmin	
mpc.dem = [
	1	1	1	3		0		1	1		1		3.8		0;
	2	1	1	3		0		1	1		1		3.4		0;
	3	1	1	3		0		1	1		1		5.3		0;
	4	1	1	3		0		1	1		1		2.6		0;
	5	1	1	3		0		1	1		1		2.5		0;
% 	6	1	1	3		0		1	1		1		4.8		0;
	7	1	1	3		0		1	1		1		4.4		0;
	8	1	1	3		0		1	1		1		6		0;
	9	1	1	3		0		1	1		1		5.1		0;
	10	1	1	3		0		1	1		1		6.8		0;
% 	13	1	1	3		0		1	1		1		9.3		0;
	14	1	1	3		0		1	1		1		8.8		0;
% 	15	1	1	3		0		1	1		1		11.1	0;
	16	1	1	3		0		1	1		1		6.5		0;
% 	18	1	1	3		0		1	1		1		11.7	0;
% 	19	1	1	3		0		1	1		1		6.4		0;
	20	1	1	3		0		1	1		1		5.5		0;
	25	1	1	30		0		1	1		1		3		1;
	27	1	1	30		0		1	1		1		3.5		2;
	29	1	1	30		0		1	1		1		2.6		1;
	30	1	1	30		0		1	1		1		2		0;
	33	1	1	30		0		1	1		1		3		0;
	34	1	1	30		0		1	1		1		2.8		0;
	36	1	1	30		0		1	1		1		1		0;
	37	1	1	30		0		1	1		1		2		0;
	39	1	1	30		0		1	1		1		3.4		0;
	42	1	1	30		0		1	1		1		1.1		0;
	43	1	1	30		0		1	1		1		4.1		2;
	44	1	1	30		0		1	1		1		2.1		1;
	46	1	1	30		0		1	1		1		5.85	0.5;
	47	1	1	30		0		1	1		1		2.85	0;
% 	49	1	1	30		0		1	1		1		3.4		0;
% 	50	1	1	30		0		1	1		1		3.4		0;
];

%% branch data
%	fbus	tbus	r		x		b	Sl_max	ratio	angle	status
mpc.branch = [
	1		2		0		0.0146	0	175		0		0		1;
	1		3		0		0.2253	0	175		0		0		1;
	1		5		0		0.0907	0	350		0		0		1;
	2		4		0		0.1356	0	175		0		0		1;
	2		6		0		0.205	0	175		0		0		1;
	3		9		0		0.1271	0	175		0		0		1;
	3		24		0		0.084	0	180		0		0		1; %transformer
	4		9		0		0.111	0	175		0		0		1;
	5		10		0		0.094	0	350		0		0		1;
	6		10		0		0.0642	0	175		0		0		1;
	7		8		0		0.0652	0	350		0		0		1;
	8		9		0		0.1762	0	175		0		0		1;
	8		10		0		0.1762	0	175		0		0		1;
	9		11		0		0.084	0	140		0		0		1; %transformer
	9		12		0		0.084	0	200		0		0		1; %transformer
	10		11		0		0.084	0	200		0		0		1; %transformer
	10		12		0		0.084	0	130		0		0		1; %transformer
	11		13		0		0.0488	0	500		0		0		1;
	11		14		0		0.0426	0	500		0		0		1;
	12		13		0		0.0488	0	500		0		0		1;
	12		23		0		0.0985	0	500		0		0		1;
	13		23		0		0.0884	0	500		0		0		1; %changed capacity from 500 to 250
	14		16		0		0.0594	0	500		0		0		1; %changed capacity from 500 to 250
	15		16		0		0.0172	0	500		0		0		1;
	15		21		0		0.0249	0	500		0		0		1; %changed capacity from 1000 to 500
	15		24		0		0.0529	0	300		0		0		1;
	16		17		0		0.0263	0	500		0		0		1;
	16		19		0		0.0234	0	500		0		0		1;
	17		18		0		0.0143	0	500		0		0		1;
	17		22		0		0.1069	0	500		0		0		1;
	18		21		0		0.0132	0	1000	0		0		1;
	19		20		0		0.0203	0	1000	0		0		1;
	20		23		0		0.0112	0	1000	0		0		1;
	21		22		0		0.0692	0	500		0		0		1;
	15		25		0.0001	0.00003	0	280		0		0		1; %PCC 1
	25		26		0.0001	0.00003	0	480		0		0		1;
	26		27		0.0001	0.00003	0	340		0		0		1;
	27		28		0.0001	0.00003	0	280		0		0		1;
	28		29		0.0001	0.00003	0	280		0		0		1;
	6		30		0.0001	0.00003	0	100		0		0		1; %PCC 2
	30		31		0.0001	0.00003	0	120		0		0		1;
	31		32		0.0001	0.00003	0	120		0		0		1;
	32		33		0.0001	0.00003	0	120		0		0		1;
	33		34		0.0001	0.00003	0	130		0		0		1;
	19		35		0.0001	0.00003	0	55		0		0		1; %PCC 3
	35		36		0.0001	0.00003	0	190		0		0		1;
	36		37		0.0001	0.00003	0	70		0		0		1;
	37		38		0.0001	0.00003	0	190		0		0		1;
	38		39		0.0001	0.00003	0	190		0		0		1;
	13		40		0.0001	0.00003	0	238		0		0		1; %PCC 4
	40		41		0.0001	0.00003	0	255		0		0		1;
	41		42		0.0001	0.00003	0	190		0		0		1;
	42		43		0.0001	0.00003	0	110		0		0		1;
	43		44		0.0001	0.00003	0	60		0		0		1;
	18		45		0.0001	0.00003	0	237		0		0		1; %PCC 5
	45		46		0.0001	0.00003	0	300		0		0		1;
	46		47		0.0001	0.00003	0	35		0		0		1;
% 	10		48		0.0001	0.00003	0	0		0		0		1;
% 	48		49		0.0001	0.00003	0	0		0		0		1;
% 	49		50		0.0001	0.00003	0	0		0		0		1;
];

%%-----  OPF Data  -----%%
%% generator cost data in day-ahead
%	1	startup	shutdown	n	x1	y1	...	xn	yn
%	2	startup	shutdown	n	c(n-1)	...	c0
mpc.gencost = [
	2	0	0	3	0	13.32		0;
	2	0	0	3	0	13.32		0;
	2	0	0	3	0	17.7		0;
	2	0	0	3	0	19.93		0;
	2	0	0	3	0	21.11		0; %DSO 1
	2	0	0	3	0	13.52		0; %node 15
	2	0	0	3	0	14.52		0;
	2	0	0	3	0	26.02		0; %DSO 5
	2	0	0	3	0	13.47		0; %node 21
	2	0	0	3	0	2			0;
	2	0	0	3	0	14.52		0;
	2	0	0	3	0	13.89		0;
	2	0	0	3	0	21.89		0; %DSO 2
	2	0	0	3	0	29.89		0; %DSO 3
	2	0	0	3	0	27.89		0; %DSO 4
	2	0	0	3	0	2			0; %DSO 5
	2	0	0	3	0	18.32		0; % node 1
	2	0	0	3	0	7			0; % node 21
	2	0	0	3	0	14.52		0; % mode 15
];

%% generator cost data in Real-time
%	1	upreg_price	downreg_price
%	2	upreg_price	downreg_price
mpc.gencost_RT = [
	2	6.800		3.900;
	2	6.800		3.200;
	2	3.000		7.000;
	2	4.700		9.300;
	2	8.900		13.100; %DSO 1
	2	4.800		5.200; %node 15
	2	4.800		5.200;
	2	7			6.200; %DSO 5
	2	6			4.700; %node 21
	2	7			11     ;
	2	1.800		5.200;
	2	1.100		8.900;
	2	16			17.700;		%DSO 2
	2	15			18     ;	%DSO 3
	2	2.00		3.00;		%DSO 4
	2	16.00		22.900;		%DSO 5
	2	0.800		1.500; %node 1
	2	4.1			5.90; %node 21
	2	2.800		3.200; %node 15
	];

%% demand bid data in day-ahead
